[include printer.cfg]
[include client.cfg]
[include client_macros.cfg]
[include calibration_macros.cfg]

#*# <-------
#*# <---------------------- SAVE_CONFIG ---------------------->
#*# DO NOT EDIT THIS BLOCK OR BELOW. The contents are auto-generated.

[printer]
delta_radius = 171.167729

[stepper_a]
angle = 209.378878
arm_length = 315.000000
position_endstop = 269.857924

[stepper_b]
angle = 329.432819
arm_length = 315.000000
position_endstop = 268.989240

[stepper_c]
angle = 90.000000
arm_length = 315.000000
position_endstop = 268.464732

[delta_calibrate]
height0 = 0.0
height0_pos = 43185.000,43019.000,42976.000
height1 = 0.0
height1_pos = 52836.000,53046.000,36023.000
height2 = 0.0
height2_pos = 40936.000,59400.000,40866.000
height3 = 0.0
height3_pos = 36664.000,51175.000,51282.000
height4 = 0.0
height4_pos = 41141.000,40771.000,54224.000
height5 = 0.0
height5_pos = 50237.000,36986.000,49882.000
height6 = 0.0
height6_pos = 56807.000,40937.000,40787.000
