[include printer.cfg]
[include client.cfg]
[include client_macros.cfg]
[include calibration_macros.cfg]

#*# <---------------------- SAVE_CONFIG ---------------------->
#*# DO NOT EDIT THIS BLOCK OR BELOW. The contents are auto-generated.
#*#
[printer]
delta_radius = 163.843487

[stepper_a]
angle = 210.434975
arm_length = 315.000000
position_endstop = 306.063704

[stepper_b]
angle = 330.922280
arm_length = 315.000000
position_endstop = 308.331471

[stepper_c]
angle = 90.000000
arm_length = 315.000000
position_endstop = 307.132517

[delta_calibrate]
height0 = 0.0
height0_pos = 48982.000,49259.000,49206.000
height1 = 0.0
height1_pos = 55856.000,55955.000,43408.000
height2 = 0.0
height2_pos = 47035.000,60512.000,47221.000
height3 = 0.0
height3_pos = 43611.000,55208.000,55045.000
height4 = 0.0
height4_pos = 47126.000,47509.000,57272.000
height5 = 0.0
height5_pos = 53886.000,44368.000,54148.000
height6 = 0.0
height6_pos = 58577.000,47250.000,47283.000
