[include printer.cfg]
[include client.cfg]
[include client_macros.cfg]
[include calibration_macros.cfg]

#*# <---------------------- SAVE_CONFIG ---------------------->
#*# DO NOT EDIT THIS BLOCK OR BELOW. The contents are auto-generated.
#*#
[printer]
delta_radius = 172.013085

[stepper_a]
angle = 209.372132
arm_length = 315.000000
position_endstop = 262.373325

[stepper_b]
angle = 329.181283
arm_length = 315.000000
position_endstop = 260.881491

[stepper_c]
angle = 90.000000
arm_length = 315.000000
position_endstop = 261.067198

[delta_calibrate]
height0 = 0.0
height0_pos = 41914.000,41920.000,41660.000
height1 = 0.0
height1_pos = 49409.000,49280.000,35474.000
height2 = 0.0
height2_pos = 39814.000,54193.000,39495.000
height3 = 0.0
height3_pos = 36108.000,48227.000,47924.000
height4 = 0.0
height4_pos = 39784.000,39870.000,50319.000
height5 = 0.0
height5_pos = 47037.000,36524.000,46849.000
height6 = 0.0
height6_pos = 52339.000,39784.000,39557.000
