[include printer.cfg]
[include client.cfg]
[include client_macros.cfg]
[include calibration_macros.cfg]

#*# <---------------------- SAVE_CONFIG ---------------------->
#*# DO NOT EDIT THIS BLOCK OR BELOW. The contents are auto-generated.

[printer]
delta_radius = 172.418764

[stepper_a]
angle = 210.546881
arm_length = 315.000000
position_endstop = 259.932122

[stepper_b]
angle = 330.049063
arm_length = 315.000000
position_endstop = 260.878498

[stepper_c]
angle = 90.000000
arm_length = 315.000000
position_endstop = 258.799021

[delta_calibrate]
height0 = 0.0
height0_pos = 41705.000,41539.000,41496.000
height1 = 0.0
height1_pos = 51260.000,51470.000,34447.000
height2 = 0.0
height2_pos = 39411.000,57875.000,39341.000
height3 = 0.0
height3_pos = 35075.000,49587.000,49693.000
height4 = 0.0
height4_pos = 39653.000,39283.000,52736.000
height5 = 0.0
height5_pos = 48791.000,35540.000,48436.000
height6 = 0.0
height6_pos = 55319.000,39449.000,39299.000
