[include printer.cfg]
[include client.cfg]
[include client_macros.cfg]
[include calibration_macros.cfg]
#*# <---------------------- SAVE_CONFIG ---------------------->
#*# DO NOT EDIT THIS BLOCK OR BELOW. The contents are auto-generated.
#*#
[printer]
delta_radius = 156.594344

[stepper_a]
angle = 207.408478
arm_length = 332.768550
position_endstop = 302.204217

[stepper_b]
angle = 329.419856
arm_length = 336.340410
position_endstop = 299.375782

[stepper_c]
angle = 90.000000
arm_length = 327.865629
position_endstop = 301.357183

[delta_calibrate]
height0 = 0.0
height0_pos = 48360.000,47949.000,48143.000
height1 = 0.0
height1_pos = 54593.000,54493.000,42906.000
height2 = 0.0
height2_pos = 46490.000,58261.000,46499.000
height3 = 0.0
height3_pos = 43510.000,53373.000,53802.000
height4 = 0.0
height4_pos = 46948.000,46310.000,55755.000
height5 = 0.0
height5_pos = 53223.000,43480.000,52847.000
height6 = 0.0
height6_pos = 57292.000,46410.000,46509.000
distance0 = 64.9
distance0_pos1 = 48000.159,48226.189,48204.704
distance0_pos2 = 44000.339,52484.561,52580.928
distance1 = 65.1
distance1_pos1 = 48204.573,47840.943,48398.699
distance1_pos2 = 46985.856,46347.103,56039.639
distance2 = 65.2
distance2_pos1 = 48590.679,47656.648,48204.704
distance2_pos2 = 53180.492,43662.586,52580.928
distance3 = 65.3
distance3_pos1 = 48772.175,47855.221,47819.200
distance3_pos2 = 56426.943,46561.050,46424.081
distance4 = 65.3
distance4_pos1 = 48565.179,48240.589,47627.670
distance4_pos2 = 52744.068,52730.886,43631.442
distance5 = 65.8
distance5_pos1 = 48179.290,48427.284,47819.200
distance5_pos2 = 46607.035,56064.044,46424.081
distance6 = 65.5
distance6_pos1 = 44313.768,51586.086,52305.539
distance6_pos2 = 47280.709,46089.232,55706.102
distance7 = 65.4
distance7_pos1 = 47294.739,46122.095,55047.768
distance7_pos2 = 53289.550,43769.417,52063.281
distance8 = 65.1
distance8_pos1 = 52874.747,43970.617,51671.526
distance8_pos2 = 56077.333,46854.921,46158.630
distance9 = 66.0
distance9_pos1 = 55417.797,46874.346,46184.720
distance9_pos2 = 52228.224,52845.638,43731.784
distance10 = 65.0
distance10_pos1 = 51851.475,52438.877,43933.080
distance10_pos2 = 46354.425,55722.074,46717.435
distance11 = 65.4
distance11_pos1 = 46392.490,55064.283,46743.838
distance11_pos2 = 44112.326,51968.738,52703.423
