[include printer.cfg]
[include client.cfg]
[include client_macros.cfg]
[include calibration_macros.cfg]

#*# <---------------------- SAVE_CONFIG ---------------------->
#*# DO NOT EDIT THIS BLOCK OR BELOW. The contents are auto-generated.
#*#
[printer]
delta_radius = 171.115021
#*#
[stepper_a]
angle = 209.052899
arm_length = 315.000000
position_endstop = 270.408590
#*#
[stepper_b]
angle = 329.180978
arm_length = 315.000000
position_endstop = 269.367706
#*#
[stepper_c]
angle = 90.000000
arm_length = 315.000000
position_endstop = 269.101547
#*#
[delta_calibrate]
height0 = 0.0
height0_pos = 43244.000,43133.000,43047.000
height1 = 0.0
height1_pos = 53681.000,53793.000,35962.000
height2 = 0.0
height2_pos = 41135.000,60325.000,40874.000
height3 = 0.0
height3_pos = 36624.000,51610.000,51796.000
height4 = 0.0
height4_pos = 41147.000,40918.000,54968.000
height5 = 0.0
height5_pos = 50420.000,36971.000,50290.000
height6 = 0.0
height6_pos = 57550.000,41117.000,40837.000
