[include printer.cfg]
[include client.cfg]
[include client_macros.cfg]
[include calibration_macros.cfg]

#*# <---------------------- SAVE_CONFIG ---------------------->
#*# DO NOT EDIT THIS BLOCK OR BELOW. The contents are auto-generated.
#*#
[printer]
delta_radius = 163.547292

[stepper_a]
angle = 210.200064
arm_length = 315.000000
position_endstop = 308.439077

[stepper_b]
angle = 330.124928
arm_length = 315.000000
position_endstop = 307.472962

[stepper_c]
angle = 90.000000
arm_length = 315.000000
position_endstop = 306.112610

[delta_calibrate]
height0 = 0.0
height0_pos = 49361.000,49108.000,49055.000
height1 = 0.0
height1_pos = 59537.000,59361.000,42379.000
height2 = 0.0
height2_pos = 47534.000,65876.000,47241.000
height3 = 0.0
height3_pos = 43094.000,57675.000,57673.000
height4 = 0.0
height4_pos = 47474.000,47180.000,60619.000
height5 = 0.0
height5_pos = 56566.000,43313.000,56248.000
height6 = 0.0
height6_pos = 63323.000,47221.000,47132.000
