[include printer.cfg]
[include client.cfg]
[include client_macros.cfg]
[include calibration_macros.cfg]

#*# <---------------------- SAVE_CONFIG ---------------------->
#*# DO NOT EDIT THIS BLOCK OR BELOW. The contents are auto-generated.
#*#
[printer]
delta_radius = 171.568009

[stepper_a]
angle = 209.917719
arm_length = 315.000000
position_endstop = 261.305270

[stepper_b]
angle = 329.725486
arm_length = 315.000000
position_endstop = 259.725225

[stepper_c]
angle = 90.000000
arm_length = 315.000000
position_endstop = 259.395730

[delta_calibrate]
height0 = 0.0
height0_pos = 41663.000,41691.000,41520.000
height1 = 0.0
height1_pos = 51560.000,51527.000,34544.000
height2 = 0.0
height2_pos = 39603.000,58209.000,39457.000
height3 = 0.0
height3_pos = 35192.000,50152.000,49932.000
height4 = 0.0
height4_pos = 39486.000,39547.000,52804.000
height5 = 0.0
height5_pos = 48501.000,35545.000,48361.000
height6 = 0.0
height6_pos = 55330.000,39439.000,39303.000
