[include printer.cfg]
[include client.cfg]
[include client_macros.cfg]
[include calibration_macros.cfg]

#*# <---------------------- SAVE_CONFIG ---------------------->
#*# DO NOT EDIT THIS BLOCK OR BELOW. The contents are auto-generated.
#*#
[printer]
delta_radius = 159.772334

[stepper_a]
angle = 210.419662
arm_length = 329.606228
position_endstop = 311.850424

[stepper_b]
angle = 330.295245
arm_length = 334.975272
position_endstop = 309.662479

[stepper_c]
angle = 90.000000
arm_length = 333.569899
position_endstop = 308.235229

[delta_calibrate]
height0 = 0.0
height0_pos = 49359.000,49244.000,50214.000
height1 = 0.0
height1_pos = 55020.000,54694.000,44547.000
height2 = 0.0
height2_pos = 47499.000,58785.000,48337.000
height3 = 0.0
height3_pos = 44792.000,54722.000,55899.000
height4 = 0.0
height4_pos = 48018.000,48000.000,57928.000
height5 = 0.0
height5_pos = 53834.000,44983.000,54887.000
height6 = 0.0
height6_pos = 57571.000,47289.000,48305.000
distance0 = 93.5
distance0_pos1 = 49255.351,50139.711,49944.211
distance0_pos2 = 44123.124,57785.039,57417.267
distance1 = 93.4
distance1_pos1 = 49522.671,49571.387,50230.960
distance1_pos2 = 47982.271,48366.879,63069.296
distance2 = 93.1
distance2_pos1 = 50090.581,49279.971,49944.211
distance2_pos2 = 57313.016,44146.153,57417.267
distance3 = 93.6
distance3_pos1 = 50391.573,49551.710,49375.891
distance3_pos2 = 63224.996,48071.305,48032.412
distance4 = 94.0
distance4_pos1 = 50119.316,50119.796,49094.259
distance4_pos2 = 57840.566,57419.414,43958.969
distance5 = 93.7
distance5_pos1 = 49551.064,50416.443,49375.891
distance5_pos2 = 48408.765,63252.419,48032.412
distance6 = 93.3
distance6_pos1 = 44426.652,56182.478,56825.213
distance6_pos2 = 48370.611,47922.587,62446.638
distance7 = 93.6
distance7_pos1 = 48337.455,47866.594,61233.819
distance7_pos2 = 57470.221,44242.594,56548.303
distance8 = 93.3
distance8_pos1 = 56758.294,44453.775,55832.975
distance8_pos2 = 62622.162,48460.278,47598.887
distance9 = 93.3
distance9_pos1 = 61409.163,48422.882,47552.580
distance9_pos2 = 56966.211,57571.779,44064.310
distance10 = 93.7
distance10_pos1 = 56230.008,56853.278,44275.623
distance10_pos2 = 47959.713,62643.446,48422.672
distance11 = 94.2
distance11_pos1 = 47899.377,61430.399,48375.581
distance11_pos2 = 44215.593,56912.280,57558.528
