[include printer.cfg]
[include client.cfg]
[include client_macros.cfg]
[include calibration_macros.cfg]

#*# <---------------------- SAVE_CONFIG ---------------------->
#*# DO NOT EDIT THIS BLOCK OR BELOW. The contents are auto-generated.

[printer]
delta_radius = 172.188520

[stepper_a]
angle = 209.092857
arm_length = 315.000000
position_endstop = 269.103254

[stepper_b]
angle = 329.550671
arm_length = 315.000000
position_endstop = 268.925007

[stepper_c]
angle = 90.000000
arm_length = 315.000000
position_endstop = 267.222912

[delta_calibrate]
height0 = 0.0
height0_pos = 43075.000,42908.000,42866.000
height1 = 0.0
height1_pos = 52608.000,52818.000,35795.000
height2 = 0.0
height2_pos = 40717.000,59180.000,40646.000
height3 = 0.0
height3_pos = 36512.000,51023.000,51130.000
height4 = 0.0
height4_pos = 41078.000,40709.000,54162.000
height5 = 0.0
height5_pos = 50157.000,36906.000,49802.000
height6 = 0.0
height6_pos = 56670.000,40799.000,40649.000
