[include printer.cfg]
[include client.cfg]
[include client_macros.cfg]
[include calibration_macros.cfg]
#*# <---------------------- SAVE_CONFIG ---------------------->
#*# DO NOT EDIT THIS BLOCK OR BELOW. The contents are auto-generated.
#*#
[printer]
delta_radius = 155.818594

[stepper_a]
angle = 209.825457
arm_length = 332.456750
position_endstop = 302.969973

[stepper_b]
angle = 329.437936
arm_length = 331.913929
position_endstop = 301.280057

[stepper_c]
angle = 90.000000
arm_length = 334.279396
position_endstop = 300.851987

[delta_calibrate]
height0 = 0.0
height0_pos = 48526.000,48146.000,48142.000
height1 = 0.0
height1_pos = 53579.000,53392.000,43490.000
height2 = 0.0
height2_pos = 46861.000,56471.000,46520.000
height3 = 0.0
height3_pos = 44188.000,52376.000,52493.000
height4 = 0.0
height4_pos = 47059.000,46559.000,54172.000
height5 = 0.0
height5_pos = 52262.000,44204.000,51837.000
height6 = 0.0
height6_pos = 55676.000,46679.000,46575.000
distance0 = 97.6
distance0_pos1 = 47929.527,48474.120,48447.373
distance0_pos2 = 42928.962,56129.289,56258.917
distance1 = 99.2
distance1_pos1 = 48214.782,47901.166,48736.776
distance1_pos2 = 47049.733,46595.233,62161.535
distance2 = 97.8
distance2_pos1 = 48787.954,47626.039,48447.373
distance2_pos2 = 56625.312,42626.567,56258.917
distance3 = 98.2
distance3_pos1 = 49075.904,47918.475,47874.218
distance3_pos2 = 62500.610,46855.617,46689.022
distance4 = 98.1
distance4_pos1 = 48785.050,48491.654,47590.394
distance4_pos2 = 56570.758,56458.744,42589.799
distance5 = 98.2
distance5_pos1 = 48211.916,48772.244,47874.218
distance5_pos2 = 47006.617,62195.097,46689.022
distance6 = 97.4
distance6_pos1 = 43219.765,54478.053,55610.075
distance6_pos2 = 47433.731,46157.242,61488.548
distance7 = 98.3
distance7_pos1 = 47364.167,46098.791,60184.814
distance7_pos2 = 56756.571,42730.599,55350.306
distance8 = 98.2
distance8_pos1 = 55972.516,42923.754,54590.100
distance8_pos2 = 61825.560,47240.462,46241.411
distance9 = 98.6
distance9_pos1 = 60521.916,47163.584,46174.514
distance9_pos2 = 55662.820,56581.480,42686.117
distance10 = 97.4
distance10_pos1 = 54904.837,55785.945,42879.316
distance10_pos2 = 46560.598,61509.745,47072.839
distance11 = 99.2
distance11_pos1 = 46495.109,60206.715,47004.715
distance11_pos2 = 43026.563,55224.824,56391.851
