[include printer.cfg]
[include client.cfg]
[include client_macros.cfg]
[include calibration_macros.cfg]
#*# <---------------------- SAVE_CONFIG ---------------------->
#*# DO NOT EDIT THIS BLOCK OR BELOW. The contents are auto-generated.
#*#

[printer]
delta_radius = 147.795271

[stepper_a]
angle = 209.506946
arm_length = 315.000000
position_endstop = 302.096170

[stepper_b]
angle = 328.750355
arm_length = 315.000000
position_endstop = 299.722825

[stepper_c]
angle = 90.000000
arm_length = 315.000000
position_endstop = 299.694806

[delta_calibrate]
height0 = 0.0
height0_pos = 48147.000,48162.000,47932.000
height1 = 0.0
height1_pos = 54382.000,54513.000,43023.000
height2 = 0.0
height2_pos = 46682.000,58407.000,46538.000
height3 = 0.0
height3_pos = 43609.000,53603.000,53394.000
height4 = 0.0
height4_pos = 46637.000,46581.000,55134.000
height5 = 0.0
height5_pos = 52608.000,43765.000,52324.000
height6 = 0.0
height6_pos = 56737.000,46597.000,46350.000
