[include printer.cfg]
[include client.cfg]
[include client_macros.cfg]
[include calibration_macros.cfg]
#*# <---------------------- SAVE_CONFIG ---------------------->
#*# DO NOT EDIT THIS BLOCK OR BELOW. The contents are auto-generated.
#*#
[printer]
delta_radius = 151.557143

[stepper_a]
angle = 209.833510
arm_length = 315.000000
position_endstop = 303.041624

[stepper_b]
angle = 328.994500
arm_length = 315.000000
position_endstop = 301.144297

[stepper_c]
angle = 90.000000
arm_length = 315.000000
position_endstop = 300.922060

[delta_calibrate]
height0 = 0.0
height0_pos = 48526.000,48146.000,48142.000
height1 = 0.0
height1_pos = 53579.000,53392.000,43490.000
height2 = 0.0
height2_pos = 46861.000,56471.000,46520.000
height3 = 0.0
height3_pos = 44188.000,52376.000,52493.000
height4 = 0.0
height4_pos = 47059.000,46559.000,54172.000
height5 = 0.0
height5_pos = 52262.000,44204.000,51837.000
height6 = 0.0
height6_pos = 55676.000,46679.000,46575.000
