[include printer.cfg]
[include client.cfg]
[include client_macros.cfg]
[include calibration_macros.cfg]


#*# <---------------------- SAVE_CONFIG ---------------------->
#*# DO NOT EDIT THIS BLOCK OR BELOW. The contents are auto-generated.
#*#
[printer]
delta_radius = 164.581793

[stepper_a]
angle = 209.297262
arm_length = 315.000000
position_endstop = 309.619577

[stepper_b]
angle = 329.816280
arm_length = 315.000000
position_endstop = 309.710390

[stepper_c]
angle = 90.000000
arm_length = 315.000000
position_endstop = 308.274429

[delta_calibrate]
height0 = 0.0
height0_pos = 49509.000,49422.000,49492.000
height1 = 0.0
height1_pos = 55634.000,55620.000,43819.000
height2 = 0.0
height2_pos = 47411.000,59808.000,47464.000
height3 = 0.0
height3_pos = 44331.000,54842.000,54895.000
height4 = 0.0
height4_pos = 47795.000,47665.000,57051.000
height5 = 0.0
height5_pos = 54184.000,44731.000,54099.000
height6 = 0.0
height6_pos = 58430.000,47497.000,47580.000
