[include printer.cfg]
[include client.cfg]
[include client_macros.cfg]
[include calibration_macros.cfg]
#*# <---------------------- SAVE_CONFIG ---------------------->
#*# DO NOT EDIT THIS BLOCK OR BELOW. The contents are auto-generated.
#*#
[printer]
delta_radius = 160.936005

[stepper_a]
angle = 209.019601
arm_length = 342.110498
position_endstop = 311.006262

[stepper_b]
angle = 331.882136
arm_length = 336.372266
position_endstop = 310.447994

[stepper_c]
angle = 90.000000
arm_length = 331.437660
position_endstop = 315.426196

[delta_calibrate]
height0 = 0.0
height0_pos = 49787.000,49500.000,50622.000
height1 = 0.0
height1_pos = 54627.000,54373.000,45652.000
height2 = 0.0
height2_pos = 47933.000,57800.000,48822.000
height3 = 0.0
height3_pos = 45404.000,54055.000,55172.000
height4 = 0.0
height4_pos = 48396.000,48115.000,56981.000
height5 = 0.0
height5_pos = 53606.000,45495.000,54509.000
height6 = 0.0
height6_pos = 56858.000,47718.000,48928.000
distance0 = 65.0
distance0_pos1 = 48927.962,49399.808,50373.575
distance0_pos2 = 44883.340,53859.273,55000.461
distance1 = 66.5
distance1_pos1 = 49124.358,49017.099,50579.146
distance1_pos2 = 47748.674,47739.248,58724.421
distance2 = 64.7
distance2_pos1 = 49511.807,48817.325,50373.575
distance2_pos2 = 53938.013,44818.488,55000.461
distance3 = 65.8
distance3_pos1 = 49702.815,48997.841,49965.326
distance3_pos2 = 57336.765,47450.541,48461.217
distance4 = 65.5
distance4_pos1 = 49503.937,49380.390,49762.621
distance4_pos2 = 53803.660,53528.669,45522.673
distance5 = 64.0
distance5_pos1 = 49116.554,49582.602,49965.326
distance5_pos2 = 47631.770,57102.647,48461.217
distance6 = 64.6
distance6_pos1 = 45195.033,52952.211,54711.984
distance6_pos2 = 48045.486,47467.122,58365.569
distance7 = 65.5
distance7_pos1 = 48071.654,47487.078,57658.554
distance7_pos2 = 54058.642,44911.036,54448.776
distance8 = 66.1
distance8_pos1 = 53658.553,45114.414,54034.305
distance8_pos2 = 57000.168,47742.634,48183.045
distance9 = 64.3
distance9_pos1 = 56344.954,47781.467,48214.111
distance9_pos2 = 53287.252,53661.752,45629.701
distance10 = 65.7
distance10_pos1 = 52902.944,53284.495,45844.472
distance10_pos2 = 47370.819,56788.161,48772.558
distance11 = 66.0
distance11_pos1 = 47404.142,56143.951,48804.031
distance11_pos2 = 44989.410,53347.737,55133.719
