[include printer.cfg]
[include client.cfg]
[include client_macros.cfg]
[include calibration_macros.cfg]


#*# <---------------------- SAVE_CONFIG ---------------------->
#*# DO NOT EDIT THIS BLOCK OR BELOW. The contents are auto-generated.

[printer]
delta_radius = 171.828488

[stepper_a]
angle = 210.221500
arm_length = 315.000000
position_endstop = 263.089281

[stepper_b]
angle = 330.137589
arm_length = 315.000000
position_endstop = 260.288541

[stepper_c]
angle = 90.000000
arm_length = 315.000000
position_endstop = 261.604443

[delta_calibrate]
height0 = 0.0
height0_pos = 42217.000,41576.000,41807.000
height1 = 0.0
height1_pos = 48478.000,47786.000,36045.000
height2 = 0.0
height2_pos = 40087.000,51927.000,39641.000
height3 = 0.0
height3_pos = 36804.000,46824.000,47050.000
height4 = 0.0
height4_pos = 40250.000,39640.000,49270.000
height5 = 0.0
height5_pos = 46689.000,36720.000,46314.000
height6 = 0.0
height6_pos = 51135.000,39570.000,39803.000
