[include printer.cfg]
[include client.cfg]
[include client_macros.cfg]
[include calibration_macros.cfg]



#*# <---------------------- SAVE_CONFIG ---------------------->
#*# DO NOT EDIT THIS BLOCK OR BELOW. The contents are auto-generated.

[printer]
delta_radius = 171.462662

[stepper_a]
angle = 209.345702
arm_length = 315.000000
position_endstop = 262.861917

[stepper_b]
angle = 330.137953
arm_length = 315.000000
position_endstop = 262.319978

[stepper_c]
angle = 90.000000
arm_length = 315.000000
position_endstop = 261.758830

[delta_calibrate]
height0 = 0.0
height0_pos = 41989.000,42065.000,41859.000
height1 = 0.0
height1_pos = 48039.000,48207.000,36123.000
height2 = 0.0
height2_pos = 39839.000,52400.000,39785.000
height3 = 0.0
height3_pos = 36703.000,47363.000,47150.000
height4 = 0.0
height4_pos = 40123.000,40145.000,49257.000
height5 = 0.0
height5_pos = 46459.000,37168.000,46255.000
height6 = 0.0
height6_pos = 50749.000,39992.000,39791.000
