[include printer.cfg]
[include client.cfg]
[include client_macros.cfg]
[include calibration_macros.cfg]

#*# <---------------------- SAVE_CONFIG ---------------------->
#*# DO NOT EDIT THIS BLOCK OR BELOW. The contents are auto-generated.
#*#
[printer]
delta_radius = 154.855045

[stepper_a]
angle = 210.226214
arm_length = 331.080309
position_endstop = 301.810558

[stepper_b]
angle = 329.087391
arm_length = 327.192173
position_endstop = 302.645811

[stepper_c]
angle = 90.000000
arm_length = 334.981840
position_endstop = 299.344660

[delta_calibrate]
height0 = 0.0
height0_pos = 48266.000,48439.000,47885.000
height1 = 0.0
height1_pos = 55322.000,55714.000,42680.000
height2 = 0.0
height2_pos = 46742.000,59874.000,46348.000
height3 = 0.0
height3_pos = 43328.000,54415.000,53752.000
height4 = 0.0
height4_pos = 46655.000,46757.000,55699.000
height5 = 0.0
height5_pos = 53185.000,43768.000,52759.000
height6 = 0.0
height6_pos = 57772.000,46910.000,46321.000
distance0 = 65.2
distance0_pos1 = 48100.198,48398.884,48331.874
distance0_pos2 = 44095.183,52638.792,52581.103
distance1 = 65.0
distance1_pos1 = 48291.075,48016.067,48522.722
distance1_pos2 = 46883.535,46546.425,55946.282
distance2 = 65.0
distance2_pos1 = 48673.142,47829.048,48331.874
distance2_pos2 = 52971.652,43816.630,52581.103
distance3 = 64.9
distance3_pos1 = 48864.334,48022.546,47952.478
distance3_pos2 = 56350.940,46643.547,46540.425
distance4 = 64.9
distance4_pos1 = 48671.118,48405.416,47763.912
distance4_pos2 = 52937.241,52749.885,43784.235
distance5 = 65.1
distance5_pos1 = 48289.068,48594.753,47952.478
distance5_pos2 = 46853.433,56100.101,46540.425
distance6 = 64.7
distance6_pos1 = 44402.527,51752.915,52319.921
distance6_pos2 = 47176.847,46288.275,55625.651
distance7 = 65.4
distance7_pos1 = 47206.672,46321.872,54992.009
distance7_pos2 = 53093.820,43921.718,52078.052
distance8 = 64.8
distance8_pos1 = 52705.924,44126.558,51700.161
distance8_pos2 = 56025.892,46937.626,46281.085
distance9 = 65.4
distance9_pos1 = 55386.066,46965.340,46311.337
distance9_pos2 = 52430.134,52869.979,43885.574
distance10 = 64.8
distance10_pos1 = 52050.349,52478.306,44088.853
distance10_pos2 = 46593.450,55771.415,46831.723
distance11 = 65.3
distance11_pos1 = 46624.858,55129.780,46862.318
distance11_pos2 = 44198.042,52130.874,52703.289
